1111110001100001110
1001010110110101
438207
-1
170141183460469231731687303715884105727
-170141183460469231731687303715884105728
10000000000000000000000000000000000000000000000000000000000000000000000000000000000000000000000000000000000000000000000000000000
1111111111111111111111111111111111111111111111111111111111111111111111111111111111111111111111111111111111111111111111111111111

-15
10000000000000000000
111101000001000000000000000101000111011001010010010000000000111
1166B
80000000000000000000000000000000
80000000000000000000000000000007
1419
11100011010111
1999
11111111111111111111011110011100100001000010111110100101000010010011100101100100101001011001110000000110010110110110001111010011
100000000000000000000000000000000000000000000000000000000000000000000000000000000000000000000000000000000000000000000000000011
3
27
10010101100001
30
455
-170141183460469231731687303715884105728
2

-1
26E48F51BC53BC4
101010101010101110111011
0
96
D1D323B
332306998946228968225951765070086144
-86530918491917096
11111111111111111111111111111111111111111111111111111111111111111111111111111111111111111111111111111111111111111111111111010011
E0000000000000000000000000000000

38B03
